[transmitterNode]
START_POSITION:0.0 0.0 0.0 0.0 3.14159265359
START_TIME:0.0
WAYPOINTS:0.0 0.0 50.0 0.0 3.14159265359 10.0
[receiverNode]
START_POSITION:0.0 0.0 0.0 0.0 0.0
START_TIME:0.0